h05 -
[[2,4,5],[1,3]]
0.125 seconds

h09 - 
[[6],[1,2,4,8],[3,5,7,9]]
1.032 seconds

h10 - timeout

h14 -
[[4,8],[11,13],[1,14],[3,12],[7,10],[5,6],[2,9]]
0.282 seconds

h24 - 
[[1,2,4,5,6,7,8,9,12,14,18,22,23,24],[3,10,11,13,15,16,17,19,20,21]]
0.501 seconds

h25 - overflow

h50 - 
[[1,14,18,19,26,44,47],[6,15,17,28,45,46,48,49],[4,10,11,21,23,27,30,41,43],[7,9,24,25,29,31,37],[2,16,20,22,32,36,40,42,50],[3,5,8,12,13,33,34,35,38,39]]
35.079 seconds

h100 - overflow

h150 - 
[[1,2,...,149,150]]
239.453 seconds

hSh - 
[[2,5,6,7,8,9,13],[4,10,11],[1,3,12]]
0.172 seconds